378	5094	8880	814	3989	2118	9674	2310	8677	2627	9245	3807	3775	2422	852	3229	5933	183	4076	1285	3352	5685	4291	6439	8994	349	3428	7590	8435	1789	5819	2329	2738	9038	9234	815	3493	4109	3616	4767	6447	2856	9695	6751	1805	4174	7951	3272	5222	8676	6280	3726	5167	3020	5080	1561	3897	666	3034	407	7953	7972	8713	3562	9652	9738	974	9933	2921	3927	8426	5293	7215	9824	9952	6246	6590	8452	3000	6952	6055	5340	9945	702	3990	4377	7891	5397	9174	5079	8309	1015	1736	7176	6568	1350	5475	2054	6563	6504	
8673	7678	290	7457	6077	4402	4793	3469	7253	2855	6856	8897	3069	4846	9688	2308	4098	4828	5058	9252	6305	4284	6349	4091	3546	1305	5530	5185	1658	348	3823	6832	9897	7724	1982	12	5722	1983	308	8721	9898	9568	2452	3181	8173	1433	238	7919	8469	1547	5911	7508	1172	7944	7206	9884	8071	7948	8556	3407	4965	1663	6942	8333	6175	4986	6054	2459	5695	9405	9281	2881	8331	3135	5134	4846	9265	5218	5017	1938	3969	835	85	145	6105	9800	863	9325	8757	9434	7007	791	2284	8839	5016	4380	819	9396	1335	9186	
5956	7890	6048	4542	748	6143	1838	9254	2772	636	6905	7009	1898	5958	3734	8329	8991	3287	4820	2231	5458	3638	6691	3940	9012	9893	1779	9274	6232	7714	4639	1077	4745	3531	5360	8347	221	2179	9686	1146	6379	6825	4175	1483	918	164	1551	8059	2111	4710	4917	9988	1609	9614	318	3951	606	9711	6419	8654	3422	2304	1862	7950	2593	8357	9578	2214	1025	4582	8348	3345	7787	3431	1161	1594	6632	7037	2094	2461	9275	8107	8552	3591	6183	226	9121	2831	1711	7824	8341	3464	7352	5746	2288	5631	5982	7946	9445	9515	
3532	7854	1833	3508	7996	3848	597	8240	7125	7758	6723	4664	9172	8034	7326	3229	1777	7965	8521	1069	674	1822	4841	3649	2028	8492	7525	9870	6029	8253	5855	1183	2036	2496	2445	1559	5938	4270	6490	4043	2537	4420	1046	1171	2725	7211	4248	5560	700	2576	4847	6591	7199	7714	9617	2334	7746	1561	4426	190	3645	5859	9215	336	3213	9316	8927	1482	7997	6388	9632	6216	7112	2433	3401	9096	8933	6620	6506	995	6613	4151	2994	7940	7939	3356	2786	7930	1654	171	9531	3779	6729	1905	5369	549	4286	1477	2073	8303	
598	9171	5767	3813	8402	3489	3541	8658	4006	1501	2456	4831	3290	4819	2749	1624	5321	6791	7128	7110	726	3076	9174	5166	8742	9737	7438	3081	4688	9888	4500	6422	4834	9967	9776	9858	2603	927	1712	3411	5705	3010	8820	6019	2211	5090	6925	2264	4938	7922	267	4081	5350	5303	3888	5266	3037	3200	5800	102	3026	2662	1930	713	5007	1755	5653	3000	4691	5880	2507	3349	246	181	2914	9318	918	1216	6518	2480	3912	6343	2191	7694	6900	3666	6370	877	2852	7625	7914	1696	657	5959	1205	5903	7749	9566	6191	2342	
5949	7563	8744	2956	1032	7578	3088	9732	7541	234	3514	8831	7162	7427	296	8429	272	8227	5496	1999	6556	1809	3750	5726	8346	998	9580	6067	7739	2124	9901	2704	5466	6367	6643	898	2453	408	7656	7863	2764	6353	5382	467	7137	5180	898	8704	4193	5597	7060	2373	4447	1584	7566	891	7211	7926	3823	914	8817	4529	3529	2787	1715	446	3498	2137	2278	7887	88	4994	8664	1928	6800	7395	3583	8357	2727	805	4783	1213	6805	627	4967	4698	9643	3616	543	5234	6602	5103	8797	1852	558	9848	658	4845	67	2202	
8108	5408	4808	6063	1660	6466	2188	142	3736	6106	9371	4367	163	6693	6942	864	9566	1872	1169	206	8934	3074	2402	733	1608	7201	7265	9995	5437	4245	9703	8295	9346	8387	2652	3267	5557	531	7049	6578	1674	8968	9324	9809	5311	6903	9540	809	1310	8767	1080	3538	451	9450	3046	5711	2208	9372	7240	1389	6134	9811	6706	9905	3668	581	6031	4842	7560	9921	6467	2344	8397	5965	8336	1704	7824	3027	3297	2578	3603	5373	7477	8283	1380	9820	2662	2608	5931	4498	154	2100	9690	257	8248	4528	5218	1784	7528	9875	
6966	2409	8671	4613	5598	2428	8428	3693	8040	7606	7037	2936	219	7892	6905	3571	6916	1410	1473	3051	6982	361	1746	2439	397	634	9668	5845	9964	1835	1548	2682	4508	6790	5050	9915	1356	569	7200	807	296	2298	6544	7060	2369	2770	1641	2637	1141	2163	2657	7766	7639	7947	9676	9159	3571	7295	3214	6807	198	4942	3917	6355	6666	7349	7978	6057	1334	3409	1530	1343	2632	1188	5204	4768	9315	7959	714	6518	9852	1525	2356	1797	8566	4530	9057	2269	8412	8289	6159	4842	6264	9448	5875	4070	3826	8350	6789	2559	
7178	8511	6376	8433	383	470	1410	3589	8329	2867	3726	1590	7057	6310	7060	1533	3874	2360	3416	1887	854	2489	5041	2974	5950	476	3395	950	1224	3075	7336	1582	362	1934	67	5467	6270	7215	3138	1461	5944	6083	8505	7547	993	8742	7377	6540	5167	1335	2004	1246	7722	159	1728	634	6432	6821	7484	3149	3539	7280	8790	6498	2200	9622	3982	1269	512	2205	951	2918	9176	9891	8353	6584	1178	7911	8551	7076	8772	3564	7717	1058	523	8003	9766	1552	2306	2561	4458	7496	11	1503	7619	2700	688	2907	4602	5984	
6928	6212	4328	5236	3899	4417	548	2310	3429	826	9498	262	9851	8505	6613	5122	7033	4572	6609	8729	9757	570	1601	5198	5032	2719	5902	1260	7959	2257	8031	9818	3373	351	5796	5260	4867	6009	8198	875	5270	5869	5200	2841	7033	6880	4924	7673	134	9546	4373	2992	3721	2266	8855	1772	2733	4868	9058	6794	5910	6792	1997	1818	1145	4177	2091	5003	6482	7598	7001	3069	7884	3680	2968	4057	9157	4363	8037	3744	118	9953	1585	1567	9583	7863	3325	8584	5267	4349	3579	3748	2984	9702	8431	4404	977	9800	8167	4592	
3055	8392	2529	7856	4972	3385	5753	6093	3561	5743	4469	8041	7553	6724	4755	2477	4087	3776	1988	8470	8412	2986	4840	6351	362	1190	8952	4535	9760	2833	8099	3801	5980	9919	9345	8429	6425	808	5048	9405	5490	9060	4023	73	5193	6262	4504	6696	4475	121	1870	7058	8347	4977	481	2177	1579	828	9061	6699	3933	1868	6439	2281	9304	8761	2148	9816	3144	8436	5895	3711	5139	1741	5732	3644	6101	7403	3569	4645	6783	5918	8457	4805	6724	2156	125	2842	3987	3826	1785	6480	784	4632	8362	2365	111	5035	124	7701	
3128	3811	7087	102	1795	9629	6283	7363	5266	7383	8103	2903	3548	6118	5493	4869	4060	304	186	4927	3728	2591	5293	1272	4452	9851	8196	4270	8797	5206	3002	2977	1977	9650	4750	1070	942	5682	4356	6391	1479	2924	1290	582	8376	8386	3889	9205	5440	6191	8230	4090	321	8358	8468	9986	5278	8730	58	570	6530	3142	2835	6582	5174	1837	9215	5799	2573	7125	7153	3619	5891	1245	5832	5515	3986	8062	3798	792	6326	8533	2706	5076	9516	9204	7971	2250	9900	595	3708	7946	270	6815	5717	7779	4907	2710	2549	828	
7575	1322	6719	6788	6356	2328	6284	7519	8596	4538	6757	6491	3635	998	4204	5930	5317	16	7352	4848	5675	7410	74	9370	8095	7495	6188	6818	1392	9391	9797	8731	3105	261	2509	6332	1506	3502	3545	8194	131	5561	9305	2230	9721	1391	3250	5283	7941	5211	7312	8559	4457	2636	7351	233	4488	7332	3812	2436	2893	7382	3619	8165	1392	6372	3907	2948	9817	7695	4192	2842	2806	5252	2428	7442	7424	9742	2052	5729	6742	7110	2133	3498	1591	6195	8775	5952	4292	3369	1201	3336	8247	1112	9119	9438	1281	8723	5283	6876	
4448	3629	4441	9449	1275	325	9114	7403	3294	4246	9884	1208	9564	1212	4981	5506	7130	1580	8744	1698	1265	2168	1562	3743	6693	1163	4846	709	9708	1065	5757	5756	3597	4594	3071	2220	1515	3293	6381	9302	6240	5347	8539	622	9827	8149	8044	3398	762	1363	6789	8969	7875	5614	1706	6383	633	6153	8327	9777	3462	4221	3898	5567	8968	4952	5038	9947	6269	8173	5606	9563	5243	4933	6096	9422	5448	5836	712	1281	5404	107	244	4001	5823	8035	7341	4731	3800	5408	8741	5972	4909	9437	7271	9978	7558	6521	8536	5226	
6009	9330	4727	6620	6048	7517	5399	1955	3730	1159	4712	7223	5583	8471	7455	714	1367	2008	3359	6999	1760	2115	5242	6936	921	6309	151	7450	9245	9976	6529	3208	6820	7280	7087	5368	8498	4868	890	5083	2572	647	1720	2889	2480	2438	6843	124	1971	7324	3420	3948	2223	5329	4529	7461	6824	978	4804	1828	3371	2086	4952	6047	1436	8102	2749	4583	1557	4325	4900	2646	3562	6839	76	7459	6441	5966	2167	8317	5724	8460	8627	6188	7393	1043	4446	1023	8003	9437	8366	771	7957	608	1527	6525	7788	9653	650	3949	
2004	2361	8478	1404	3379	9787	155	5581	6178	1722	1713	9216	7461	7725	9715	9936	7056	3730	7238	5971	2572	9249	3894	6536	4279	8738	6659	9155	1999	1348	8142	9105	2224	4078	4486	1312	9818	6927	6332	9672	9291	1988	1650	5577	7459	3057	8330	3540	4881	9247	2710	5682	767	6641	1614	3863	7207	5725	329	8532	6575	9857	5624	5589	3006	8285	6272	8290	5167	7278	7194	5515	1912	4949	1447	2264	3523	829	5994	4859	6016	9867	2921	3997	2116	263	4389	6212	9237	4975	1106	8805	8759	5262	3439	8296	2604	1140	9951	2694	
3942	4438	9117	1517	3581	2827	1036	8789	5319	5550	3671	4047	4699	7723	7894	5048	3276	8744	3565	6674	9482	2131	4149	8749	1703	8770	6138	6920	4763	8268	3407	5458	5942	1501	7886	3689	1749	742	7781	6867	2057	6817	2533	2171	6578	7082	8444	4600	1974	1860	2304	9355	7392	7133	2277	3895	7639	4053	6093	7147	8478	1395	1202	2322	7053	8075	1489	3341	7393	4814	2899	5176	9059	821	9727	2816	2162	933	1730	344	9343	4214	2708	3477	590	6425	6034	2007	6078	6123	8339	6417	5539	5280	3665	246	3288	1646	2119	5659	
3811	7461	2104	1786	6309	1428	7608	352	8078	4354	2376	3806	5925	8083	4986	6894	4096	8181	2259	8127	8702	3456	306	359	6525	6406	7257	2642	1888	2206	6293	7895	3179	2281	154	2276	8270	1892	132	4778	9579	1764	7042	7252	415	5277	9529	1933	6817	9053	6084	9273	6720	9932	6852	1993	3792	7641	4197	5071	926	1612	1426	9629	6963	2751	7730	5704	5738	7902	4989	9686	4148	235	9052	1655	886	3896	3409	3250	4507	6243	5397	1459	2646	7500	2871	1747	3532	9319	8790	7027	9619	1017	3020	6182	7801	4020	2266	7398	
5734	1854	2318	7547	4870	5749	9952	5348	4225	4662	678	2027	3277	635	5456	4871	2010	5200	7202	4532	3085	6252	1601	1675	2700	837	3528	8916	8491	3405	2582	7149	3330	6292	2956	9158	8698	597	9285	5801	3850	8778	9861	3823	6245	470	9591	7563	4081	8491	2480	9254	3988	4625	1474	4341	2060	5242	2213	667	1099	9504	9905	852	20	6810	3231	2700	9521	6644	6443	4517	3929	9812	6118	3878	2847	814	7632	4689	4162	4614	8931	2504	4938	6958	9352	13	939	6369	7322	7166	5996	2502	7146	8177	2438	1646	4425	9245	
2144	5338	8754	8719	3637	4682	2805	8611	7858	4339	4446	6766	9142	9678	8335	8381	6292	73	583	9442	2996	4724	3540	5441	5606	2256	7304	456	2960	6039	5158	4592	2821	7838	496	3940	1271	5373	341	366	5576	8328	7892	447	4519	4250	8317	3150	7580	1136	2481	1930	5358	9825	8860	862	895	7948	7331	975	3140	6953	8061	5212	6623	3251	8465	9752	1668	3919	7223	3629	9096	4571	4311	158	127	9580	7504	1743	6575	2763	5624	2535	5471	552	9747	5117	8273	8601	8475	2164	4962	3838	8933	1914	173	3319	4995	1180	
2820	8723	2041	2542	4303	3583	5571	2947	7995	9575	497	4528	4198	751	3005	42	585	1528	5254	4649	3233	7589	1306	1534	3231	6665	4940	6915	1964	6070	1374	7494	7300	3227	4482	6532	1629	4275	2565	5468	9256	8194	9941	6009	829	7491	1737	1997	6107	441	3326	4601	8961	5479	6330	6605	7617	1287	8223	6230	5206	3782	4907	8698	966	5346	9555	4935	11	701	4035	2912	3310	3863	4697	2034	8925	6434	6681	9839	5141	4514	2091	3157	2660	3391	5376	1927	5576	6820	1557	9279	8746	4466	953	9991	161	9505	2442	5144	
2235	3201	1263	6428	8615	2147	7173	6418	8338	6942	5506	3817	4367	8614	236	6747	8654	1964	8966	6659	6716	3074	7554	9740	9917	2098	407	1552	2822	8561	5691	9288	1510	5005	8541	1916	4428	5117	6265	6953	7883	7376	6366	3654	3418	9639	1469	1027	6000	4812	1699	4845	7073	1884	4665	1277	8629	2732	2535	33	6432	5888	5693	2483	5203	493	7158	943	8291	9618	4004	7828	8455	4002	4345	2796	5608	3261	8793	9779	2216	5325	2097	4989	9699	2929	3077	2996	3850	9961	9301	5266	6927	1059	4093	5919	6708	3848	6438	4264	
2095	9220	9869	6486	6822	9721	442	2659	4080	9108	795	7878	1285	302	6973	7009	4332	9255	1211	6112	4301	5287	8311	9751	4473	9362	8788	9462	940	7232	7314	5716	1993	4752	7027	4167	5064	2779	4069	1812	1240	3811	7933	4612	1634	3427	2307	2366	1425	3147	7086	6442	956	9618	1614	6995	8507	2463	3574	5041	4658	8612	8218	4127	1025	6935	5974	6497	6370	4913	3071	1846	7774	1522	638	9062	407	7322	4357	6435	1806	8001	9754	8157	882	1826	5268	2254	2712	2998	986	8311	9216	9787	578	2487	8	4768	9078	1729	
3746	5065	5817	2442	6801	5178	7600	8545	1435	9215	8381	5381	9936	6631	3521	4657	4512	1589	5206	9035	8634	7827	6771	2087	1069	531	4901	4728	4924	7627	6656	439	9621	1261	8925	124	307	8272	2877	7133	8310	5689	4964	3965	4686	919	9647	7523	9212	4900	5841	4569	9508	8739	3999	1376	9371	7180	8086	2075	5018	2724	5738	5395	3604	1025	5230	6948	6419	9982	9498	8828	4838	1540	4580	8849	4192	4474	6166	9294	2833	7355	5872	9283	7922	4966	4819	163	5250	5523	6826	2577	4448	4278	7208	7422	3663	1970	6086	3978	
7944	351	7257	8232	9153	1066	1891	1707	2527	438	9619	4675	8153	9785	991	7543	1856	1050	2123	3025	5571	2163	8069	5604	7601	5396	9662	98	2498	3714	5879	370	4261	3657	2682	8268	6928	4671	4324	5306	6689	7531	1962	2428	4242	5587	7874	3551	3940	3997	6874	5018	4107	2944	3546	5205	3928	2757	1981	9545	5720	1668	8027	58	6118	2178	1736	8454	5784	7031	6703	2988	5762	8902	5074	2166	906	4819	724	6237	9380	4128	1488	2290	4283	192	377	8443	8567	2484	4949	6062	7695	9156	9063	3433	332	1127	5231	2658	
9332	9633	7435	2444	6754	8237	4106	5844	9165	4784	4654	1061	1470	1298	2236	5522	7597	5878	6499	2742	8409	3833	4455	924	3759	800	4114	4169	962	9167	9041	9935	1142	7179	1315	7328	4461	2543	2988	9937	1346	9545	7199	5349	3956	950	1017	8356	5879	5250	432	1274	9980	1556	2490	7303	3349	2288	7289	2491	2813	9687	96	8512	104	575	383	8446	780	6628	2831	9112	2157	8192	7677	9230	5904	7846	855	9341	9140	4196	8680	1915	1587	2350	5314	5281	3570	4669	1194	3925	3704	8686	5290	6970	3023	9745	8154	8598	
2131	6447	8431	3816	9594	8310	4719	1872	5304	4700	9907	7908	4560	1075	5798	569	2295	7359	8546	7423	9341	7215	4689	4223	3874	7728	6004	3861	5540	6754	2437	2670	5923	8213	8045	8200	7915	5387	5050	5988	9395	2305	7950	7804	6272	5173	6829	725	9182	1096	2026	9802	5628	5824	5259	653	4121	2659	5944	6074	3891	9770	7475	7553	7123	1631	2629	2218	4014	889	4332	2996	1305	2649	7753	8649	34	9117	497	2201	5691	9231	1160	4162	5183	5214	4454	2737	7841	7993	9873	5135	7583	43	8707	6414	7345	2325	4851	8254	
1609	5098	1597	9610	1778	8446	904	1034	3208	9468	4720	3775	1367	6251	9725	3956	4376	6773	6160	5789	2494	6933	8836	8013	9241	3450	8346	9780	2011	4939	6351	2071	2773	6984	7418	7396	5684	3776	4035	5693	3252	5571	6458	6174	2926	960	252	2467	6131	1933	4604	8113	6825	5653	9108	4904	5305	5973	6084	2305	7710	8570	4382	5540	4893	4280	1228	7353	1140	1439	4539	9900	1081	6621	2897	6	6638	6874	956	5975	7120	2770	7296	9743	5852	121	7574	957	3941	1212	8870	6484	9698	8439	539	5347	7247	6258	2507	8234	
598	1660	1734	4282	2412	5569	3685	3881	2012	480	6738	2002	0	5489	9837	8621	8706	4019	7070	6175	8951	6582	349	4636	3427	6000	8482	7852	7554	6389	9597	2233	8408	2177	8294	8692	2038	9438	3666	7994	7513	7522	3815	953	2715	4680	2157	405	3874	1953	7102	7890	9743	2715	4126	6399	4681	892	3124	8387	1463	4104	5237	4085	1877	5711	4008	2335	8484	2538	3111	9177	4116	4198	6025	3064	8233	1034	4942	4977	2222	8904	9197	5263	1913	4025	3724	5564	9477	9752	3879	496	6954	5747	9283	3247	5138	8048	6697	3213	
4782	7462	8381	3249	2543	1305	7308	871	8935	7800	2313	5078	9424	5719	5905	6130	6300	7113	4123	9583	1017	8864	1840	1854	5658	9586	2896	4450	9460	926	4636	1497	9274	5420	4287	4685	915	8933	6924	3606	3262	551	6750	3551	7054	5102	2544	290	6980	9754	1775	9857	8521	6050	9807	950	8605	8141	2748	3600	4825	7324	8462	6170	2333	100	9121	3993	5498	7561	6706	8668	764	2918	6406	4202	5884	2800	8090	6293	4277	1951	4172	2447	8411	4018	9692	5205	6121	3552	1856	5388	9640	689	6429	848	8459	5463	11	7653	
200	5733	567	6413	2337	9092	8051	7061	5295	7960	1786	4862	3934	285	2000	8390	4230	5468	6462	3537	3990	6383	6968	2110	6604	8918	5937	154	4412	5601	2675	5858	9572	1910	7883	8858	6548	5594	8701	6282	8102	6243	9353	4883	7637	3779	4448	4439	8997	6687	6454	2600	5020	7833	3824	2913	2451	394	5060	2046	6322	9780	4917	1772	3885	9049	5043	1888	9290	4908	9999	7991	6889	8699	6683	2521	5472	6255	8804	3685	7249	9623	3718	2123	3325	6433	3783	8516	8415	6906	3585	6593	517	1003	8986	1767	2584	3195	4520	6402	
3701	4	1689	4191	1789	3444	411	9199	8385	1732	2773	7796	9051	8635	4777	3432	878	2038	8925	2957	3084	6881	1450	6333	7632	1921	1078	2364	2207	8093	4873	4963	58	8984	3462	3972	6316	8397	3740	6687	7487	3423	1418	1955	1181	8157	2138	8326	4039	8347	8844	3634	3863	9883	1705	8520	5241	1208	2097	5780	807	1257	2299	3389	1735	2190	9969	4214	8632	6700	8391	3457	4123	8543	222	4150	7329	3200	5147	8148	6585	8136	1791	8819	4743	1604	7558	8802	1807	4683	8660	2025	6887	1410	2354	8362	166	1516	9667	7424	
8017	5587	2620	2577	4356	1883	3345	6480	3886	4935	164	4704	3732	8768	7065	8225	3470	3440	5590	9642	1259	8964	3379	9172	760	1960	978	4009	4116	3313	8375	9870	7423	2183	9897	4526	3594	615	161	7581	7711	843	6738	4880	7379	4463	3896	6679	23	6792	835	7299	6536	1110	732	2617	3465	6164	8359	6244	6337	7021	6349	8350	6770	592	710	5000	3322	5250	2897	1406	6392	1862	9874	3258	412	1702	8061	3567	9043	7071	2678	1329	6702	4629	7318	9856	2596	8946	8514	6705	4309	7260	2995	7246	9493	8875	2074	6919	
987	7953	3676	7226	7376	6824	9385	9693	5113	7045	3822	2173	8717	6769	6888	6142	7190	4466	2965	9635	8003	2226	9574	7732	763	1654	9950	5782	3688	9122	6713	6732	8969	7792	5815	7554	1916	4483	5149	1937	3525	3434	4455	8963	3898	6319	6754	4093	9741	9983	6882	6299	198	135	3892	5362	6217	3213	5993	5937	3432	7124	1223	758	7259	4896	4995	4780	9294	4479	9197	8927	9752	4313	8321	9943	8099	7734	3069	6369	8801	8410	1613	2978	8362	8790	53	224	4358	2766	7613	1172	7434	4026	4841	1201	6054	6028	4820	5651	
6052	3269	9399	6639	5352	3801	9981	4264	8361	492	2940	6498	4798	898	2587	7242	4356	8283	8447	1495	7312	6121	2284	3545	6422	269	6524	7428	2171	295	6727	2704	3411	2088	1335	96	274	6313	5731	995	566	9132	3767	1895	1653	4890	1508	2349	2186	1495	390	2861	9913	8131	1665	5038	4694	9591	8157	5170	1569	1385	2802	2350	749	3448	4686	4560	7671	9938	2876	4005	3462	2313	436	9036	1749	9316	1197	1067	6306	1299	65	1921	6709	3269	5425	4996	193	831	8454	6352	3943	1453	2685	6208	6233	4828	6345	4692	
6874	2961	904	3757	9033	5563	7277	4456	5514	7068	2314	5566	7184	6956	3270	6527	2598	8372	7787	2244	5354	4835	7327	350	4612	8421	8248	6893	1359	7403	8770	3083	3295	5100	6290	5837	1414	1060	5460	3895	9435	2517	1176	3868	762	5097	4273	9870	1283	6460	9803	8510	4389	947	2419	7511	2463	5445	6836	5758	6830	8375	4727	2751	1718	6891	6459	3656	9348	9648	66	2495	7473	6941	1029	627	7651	6192	1165	1309	2086	3174	8804	1858	9094	3047	7979	8902	2408	2111	127	1679	348	296	6138	3329	6419	9848	8653	4111	
6698	7150	2272	4591	8467	1187	8095	2953	4318	8005	9080	7458	1397	2049	3666	3434	9347	1925	1013	5183	587	5566	1333	9418	2681	7210	6370	9548	3906	3393	7347	1279	8299	9269	7201	5640	5693	5360	2020	3755	8910	5900	3074	1609	8429	9517	1964	9444	7976	1090	7394	2978	8306	4644	645	9481	4449	1884	6737	9877	8894	9616	1756	8125	1098	7408	3558	9434	6881	1195	1884	496	3777	740	8061	7699	6156	1316	7908	5625	3029	7993	2539	3614	1238	6248	1512	4786	4663	4037	7776	1133	3524	6259	6580	5163	999	9226	1326	176	
4622	7711	5890	3325	4103	7163	8102	8617	656	1547	3608	607	4101	1596	9671	2957	1751	5344	2924	8628	7427	8311	7110	834	5881	7038	6889	4933	8434	6906	1567	2701	5206	3289	994	1575	2411	9086	2279	9993	1994	6388	8021	6899	1312	6767	88	4231	2396	3940	5913	6309	7579	1813	9293	6631	962	3788	9966	4837	580	9203	7439	9936	729	5836	2690	2114	3245	7849	9835	9771	9335	5099	4213	7133	8527	1442	7805	3639	7695	3505	4567	7839	4891	9651	2503	77	5111	6133	2271	2505	7734	6680	5886	7755	312	5439	6375	9519	
8204	3439	7276	8438	3545	7980	3883	3487	4675	3438	1789	2778	7038	8949	6613	8179	7092	6639	3154	6153	2584	248	332	1830	1426	7445	1330	7568	6616	1757	3688	319	7254	6038	3991	2425	725	7832	4392	6872	504	9830	948	4700	3701	5924	8655	2875	3598	1739	131	9622	7368	5028	1042	1216	9795	2140	2347	2975	9235	9064	7623	7961	3380	687	4729	4690	6474	3296	8567	2868	657	4744	8015	6166	8590	1096	7553	9632	8441	4661	5358	8374	7017	6289	4610	6077	4803	1054	3265	4582	4200	6884	9737	6493	452	748	5639	1053	
6748	1964	5758	4451	5476	4005	2538	9566	7810	1664	3685	6446	7677	5763	6988	9919	4153	4239	3901	4146	7150	9140	5963	5389	4593	4019	2226	6954	9179	897	8337	3972	4937	4662	7894	3790	6843	7061	3416	651	4649	5660	6867	6691	8228	2070	1267	8325	8872	7140	6333	3588	5560	7093	6496	5505	6397	4418	2838	6882	4863	6627	6727	1852	9233	3954	6485	3256	9435	3314	945	7230	322	72	5027	8198	8449	8678	2941	6253	7105	6898	6111	5558	9064	5001	3888	5461	5012	2582	1266	8308	3553	5791	2615	8533	8701	6983	4034	2794	
2924	9081	4452	2132	1833	4810	8799	5508	8296	7513	5588	7354	6155	2154	4533	5044	142	8900	9232	9871	4179	8711	3158	5543	5469	4016	4278	6967	5502	5669	8237	1047	6713	7374	4017	6157	4739	1508	5988	5900	5545	1280	8467	9390	6560	9507	7120	7711	9507	2876	8788	1115	7645	7337	4752	7288	4988	61	1356	5269	4358	9227	7361	9470	3423	6524	1131	4030	8302	7196	5087	5635	4115	1332	8418	8292	5753	2842	9870	1285	4836	414	1010	6715	6786	2885	6593	6813	3786	7568	547	1018	2795	2133	3693	8457	7958	821	1689	9192	
8579	3547	2439	2321	7307	2176	5628	757	6422	2830	6499	1685	141	3561	2698	6439	4113	1126	2271	8841	790	5920	4472	7055	8683	317	6195	3156	4971	3644	170	2503	9306	5157	9869	1171	1879	1144	2108	6559	3464	9215	1913	552	9350	480	904	3826	9307	8976	7986	7780	3679	4754	510	706	5116	9076	543	7554	5685	5222	5111	2513	3763	321	3596	5351	5582	9615	984	4290	4989	9095	3078	8499	3053	7188	1251	7733	9824	4887	5819	5718	6679	1919	9632	2617	9461	609	3136	7070	8077	3733	5962	1851	5684	8835	2338	3135	
8178	5794	6813	3448	6400	1168	8170	3870	4545	7736	4586	5166	9347	6156	1468	7006	6850	4856	9900	2711	5434	2160	1771	5402	3066	6195	3269	4724	1006	1849	5193	6728	6593	4907	6813	7670	6254	2650	8266	6872	2345	8572	8459	564	9749	3176	1245	9389	1183	4461	997	2666	8317	6176	6080	8908	2166	3365	3654	4201	6181	3510	4823	7088	8551	6147	5324	2761	9286	7702	8865	2411	528	8759	2866	4311	750	8078	7041	2461	1744	100	3805	2317	3394	780	5035	5101	6253	1555	8715	9397	5561	9807	5553	2320	1908	9487	4455	4664	
5491	5523	6162	9522	6663	2939	8453	8283	2289	1547	3310	2680	4377	6227	3030	3374	2266	8083	8218	9661	7459	7997	6827	3066	4346	4704	7462	2138	7711	3582	4530	924	5920	9123	8063	7817	8452	7422	1073	3737	6866	5224	6113	9058	9376	3095	5056	193	1681	6564	9518	1577	9693	7875	4157	1987	2811	1087	3428	3759	7360	390	1574	5203	6662	1706	444	5328	6178	1275	8422	8642	3516	7039	7622	9457	7020	8420	6750	3530	906	1291	1391	7341	4675	7712	7793	65	9944	3324	2891	6878	9729	594	4551	180	4830	9168	6849	7034	
8548	5900	4856	2139	1414	7385	201	4956	1374	736	7953	7032	7532	4188	9134	5299	9789	793	4676	2162	9673	4797	4011	8548	2216	4103	7412	4622	5591	3164	3458	4016	1214	4150	1954	8569	5628	7302	5888	3042	9915	9554	8168	1502	8085	992	9950	9104	8883	7096	6419	6325	7749	9861	748	9708	9434	1402	1478	7590	217	9152	3039	4710	978	5979	4030	4867	691	7450	9047	4267	6772	8138	8046	9091	9485	183	5759	8805	9855	6522	1221	201	9953	3536	9	421	9151	5415	5534	7076	3986	5179	7347	1928	6871	3974	4731	8501	
5948	6025	2506	3931	4792	9169	5181	4386	3554	6863	1873	6966	6023	312	6831	6820	5331	5627	3849	6635	1416	5793	333	6142	3970	1752	3194	8655	6367	853	3995	777	2287	7680	6043	6896	9695	5255	1660	8073	3805	1323	8844	7162	63	5707	625	6153	9362	7087	7074	5285	8682	7802	4856	4265	5934	9005	9117	7917	4122	3491	8606	3584	4882	2382	8539	2760	2382	8001	5106	8082	147	8806	9513	5621	2269	5987	702	6642	6646	6064	3842	5466	3769	9433	7245	2559	5391	2920	1518	6536	4352	9113	2891	4211	3855	639	1526	624	
8495	3317	1391	8035	5012	5047	3340	2927	1792	2000	5626	4913	4507	3111	1311	4262	9235	3456	5490	3596	3716	646	1930	6117	7731	5809	2818	8544	8414	4763	926	472	721	4238	7437	897	8721	4152	7401	1836	9961	2701	5436	9947	7069	633	7617	8680	4438	1770	2129	5098	3650	1684	4290	9241	3227	5707	2150	7689	9851	7802	6371	6559	688	4169	1650	1061	9286	1984	713	4706	2436	7537	3013	8775	5116	6221	7870	8834	5492	9969	5521	2059	9921	9703	4135	6513	3085	3874	7193	3789	5376	3004	2197	827	3300	4788	603	5647	
9495	9827	513	6242	5802	326	2683	2085	864	3937	8482	5374	2322	3475	5049	7515	6022	5612	6902	7535	1865	7780	5876	4607	4184	3555	7573	7644	1522	9324	222	3802	1846	9873	2661	7398	2911	7092	5173	7340	2362	721	7506	7025	7436	8665	3686	9157	6863	728	104	5870	4335	2321	5826	485	6524	2010	4098	3947	7989	3112	4355	7615	6565	736	6294	786	4382	4846	509	3169	4981	2023	7161	4408	4620	5361	8563	7453	4720	4736	5415	6872	8747	6245	3706	7701	5692	7852	2815	1678	2963	6458	8334	3638	6437	9871	1756	196	
7012	1569	6342	1905	4153	9598	813	8147	5598	2215	9609	4259	3579	6779	9712	5112	1279	3630	3689	4252	814	4516	2223	4301	1568	1265	1220	158	4489	6118	9813	7171	3606	5124	1394	7943	9868	7230	2528	8821	7249	5147	3313	5069	2047	2354	2903	3031	6918	1228	3821	8241	1909	2994	2482	3490	4862	8447	1077	2698	9109	8849	3898	7346	5087	9625	3312	5228	5674	76	8420	3127	3907	844	8178	3413	8523	2048	5314	9157	1885	1047	4227	4775	6487	8047	5620	5892	9139	8736	979	2729	1933	8853	4350	8504	4544	4665	3126	7376	
2179	5263	1701	5273	7897	8221	540	7746	2332	5423	1827	8439	6480	3737	1676	4883	2542	6036	1333	8756	6242	4014	3458	8177	780	9332	2826	214	3994	7075	2414	4141	6338	5723	9628	62	3050	490	8902	785	7465	8801	7867	1665	2441	4913	2225	5726	4471	7440	2182	199	2421	2592	3585	5878	1908	5818	493	2307	7792	3349	8199	4149	2939	938	9258	3911	983	5680	972	8174	5602	9595	5969	7332	7020	4678	6826	3447	9849	983	5755	3038	274	9156	90	4256	7339	195	5379	5223	8336	1117	8065	3798	4876	2960	9529	8380	
8997	6336	6924	8978	4307	9187	8503	6349	9072	60	4289	5018	2111	524	9117	6046	6854	402	5601	5898	4195	409	1699	4986	9447	7218	8397	882	8209	1869	561	9521	5919	9472	5255	5098	6059	6756	590	6595	3370	8223	6328	7986	9295	9986	591	3025	4493	7747	339	2694	6520	9798	7946	4273	3731	8612	3553	2532	7309	8675	1920	8598	9336	5186	7269	875	119	5353	9727	833	8210	3073	1539	1784	8431	8545	8657	8046	2568	3962	7505	8310	3104	4227	7511	746	4371	3796	3873	4791	8008	6932	788	7817	7773	7887	7772	2297	
2331	9616	5890	6381	4296	6278	4062	1687	958	3908	6849	6805	5308	801	8247	6191	5261	3687	1978	5106	7423	2003	6689	2061	2150	5715	4761	2150	3284	9192	1308	724	9345	7246	5009	8465	6731	8777	1288	9131	8772	9715	1226	7239	7354	9511	3522	1541	74	6057	6139	829	2304	1085	8091	1620	339	3192	5676	979	4390	9504	435	4839	4514	9830	9997	6247	5168	2453	3130	1675	5865	2787	2755	8622	8421	8725	9719	2897	8834	9875	7546	7669	5220	1079	5095	7675	7564	8557	9509	20	1791	1173	3316	9080	4825	8292	8949	4612	
5259	8788	5660	8324	4157	6739	4691	4033	6879	1049	6087	8407	9699	9595	2153	9367	1651	2530	5400	154	6386	2301	1791	2876	9371	1503	9508	129	8505	536	4710	8947	3524	1115	6402	5442	6731	9307	8626	4641	4417	202	2895	5070	9203	3701	5884	210	919	916	8243	121	6375	483	8076	2134	4346	3730	2179	6606	4934	1603	7317	2685	1088	4109	7885	5710	1861	5380	6276	7184	9030	7079	1638	6495	6275	3147	8774	6715	42	5553	2612	6412	9171	1685	1855	6854	7940	7079	5822	1700	885	5473	6915	2223	6939	4989	2989	8603	
2365	2432	5560	3966	5182	5714	7110	4448	3970	1232	9894	2932	4717	9565	2098	3013	4390	5664	2954	2720	5313	5200	9871	6015	1662	6990	2307	7409	8770	3320	6373	7820	226	7436	5359	7473	7552	1514	6294	6356	1684	6507	2190	7172	8258	3199	4608	4157	7305	921	1948	8423	5284	9710	6050	5627	5535	3607	7523	9299	260	6350	6184	352	6197	4292	5528	3386	218	1997	8674	4116	1784	6353	4303	5984	9447	2446	4280	1434	2553	2258	5511	1363	1958	7154	7182	9824	1854	19	6937	9609	1620	3425	1528	3882	7334	385	3217	7055	
3170	5836	2029	2245	8920	1256	6511	1577	2877	8659	6780	3066	7012	16	1705	2856	519	9736	3246	7042	5484	2230	6183	2581	5271	2439	9658	7948	7029	1737	909	7653	6571	68	7968	885	7343	6553	2017	6889	821	3922	827	9909	5786	6015	2394	1680	1177	6057	214	1935	4819	4679	785	9276	4788	3839	2181	500	3016	7266	7871	9940	3709	7895	8333	9245	475	6300	7617	1593	3185	2180	3782	7490	877	977	6573	6247	1364	3384	2828	7507	8627	480	937	1142	8069	413	5088	2649	402	6522	7765	5938	5041	1864	4780	9696	
1355	5868	938	1771	9083	1348	7751	8769	9840	318	7398	7583	9539	1569	7555	6537	7447	2397	3074	3716	1678	3782	9091	8098	8844	2530	6480	3513	9171	4301	3988	2947	259	5739	1832	7284	5022	6910	9305	1768	5628	430	8845	9917	9608	2632	3571	294	6008	2319	1078	8916	236	6518	3986	9233	5933	5809	3933	66	871	4465	7448	9460	7582	7421	9373	6155	6125	4600	6560	8650	3781	6412	7553	4554	8118	9588	4546	3877	5271	6477	3381	1575	8188	6364	5214	8290	8359	4185	8405	3576	2983	6382	4280	1825	1514	8173	5222	4769	
912	6822	9124	2452	9794	6437	1348	6200	2326	5570	1677	8685	8625	2736	3678	9203	2952	7916	5403	6236	8778	3563	9349	1795	3192	2518	5320	3492	3191	6941	2142	6872	6229	2183	2930	1388	2571	6758	461	931	8364	4871	2226	3158	9967	3039	522	2391	5986	4708	9448	838	4601	9946	2324	6265	5329	4562	1610	9821	6928	1909	8126	7845	8260	8846	4213	7566	846	5175	2542	238	8402	468	9275	5911	8218	6609	1947	875	2802	5866	3291	6493	4178	3137	5455	3203	6805	8409	6990	2666	4359	4524	9970	640	8226	2126	7984	8378	
7239	641	8500	5195	9448	2669	56	1012	4274	2922	4641	5726	300	4934	3168	1032	8986	209	9336	21	8271	36	8047	52	1013	1865	3902	1770	7422	9578	4025	5455	8253	7308	3839	7532	1697	6678	1844	6500	1445	1573	3320	6699	8829	3687	345	2559	7785	6987	3710	8207	2438	3921	5885	5192	6571	7209	8875	2039	9799	335	3945	2993	9888	8171	7514	8708	7602	551	4260	2590	4838	1708	9988	2783	7372	2754	4014	4900	739	899	2434	1030	9868	6893	2855	681	4296	3014	7674	4699	4150	7769	3149	1566	7347	5894	1276	9186	
5624	5584	6005	1271	7588	571	940	3905	1951	4963	4469	7443	5449	123	9294	6712	2042	9945	5222	4206	6476	4141	2529	9801	1804	7721	8056	4895	3972	5042	5986	444	9187	5131	7757	8651	5115	8316	7546	4719	3285	5049	2218	6000	3703	5009	8884	202	6061	4963	7998	5085	4996	210	2499	927	8456	5852	3658	6831	2257	4823	5175	1240	497	3291	1842	3	4591	8186	1979	6670	1041	4527	604	7330	977	2060	1956	158	3176	4525	3663	1651	9557	4727	1611	3266	6561	7505	8114	0	1042	9501	7002	1382	4826	4519	5623	9232	
2806	8261	8528	4222	3950	6760	5522	6467	7051	1097	2438	4697	8992	7815	7116	4371	3251	4671	8698	2830	1764	9383	1969	3770	4882	1922	3370	5678	5335	98	9329	1879	6005	7173	896	3438	8267	2288	9008	2089	5956	936	777	5657	2273	4953	8059	9656	3541	7013	3606	2169	3154	7659	29	230	5743	8071	2525	6484	9029	8565	4278	5537	8303	122	277	5780	6340	4125	2893	7635	6377	5786	1038	8071	9214	4480	98	4116	2089	9291	4216	5186	7585	8961	5152	5715	8949	371	2194	4810	5473	4737	6095	2689	93	2334	4370	4607	
5672	9961	7882	2849	9064	3261	8656	5435	472	6522	2242	457	5831	960	6864	8026	8766	4769	5902	5183	7896	671	6733	1823	8426	8904	4608	4739	61	70	5701	4128	2810	5912	2053	8303	1969	2590	2823	854	9586	2951	4848	2568	4849	1441	4416	7970	2969	4047	8438	8709	5301	7651	8157	2007	6620	2653	7900	1064	6493	6166	957	7257	3587	654	7621	9686	2598	6626	378	1272	5239	344	3130	1283	5794	1539	5879	9684	9863	6012	4273	8552	5327	616	1607	1608	1771	3279	2741	4362	6738	5975	844	8522	4634	8456	8678	6315	
1279	3577	6410	8291	1813	7605	4930	597	7782	7713	8790	4253	7874	86	9605	7189	8514	2279	121	9452	471	1002	9247	365	6337	6582	3829	4571	1387	9248	4530	8394	142	128	6608	1759	1724	8124	2023	5746	3486	8162	8632	5346	8434	7589	6608	5424	9082	8751	8880	3231	710	6511	4819	8072	1992	6660	4401	1510	253	5233	1338	4553	6572	4555	3273	4004	1206	2357	5735	7003	5983	7827	8215	2843	9614	8626	4254	6638	5772	5630	203	4082	2091	4526	7851	9328	428	748	138	1569	3365	5197	1390	1857	9015	4077	6289	8223	
4152	6553	9316	594	7401	1987	8592	190	3092	7496	9791	4174	7488	4917	1033	9589	2946	7004	401	1248	8104	2066	3309	319	4855	8285	42	1715	1233	5601	535	3222	3669	281	9698	690	7956	180	9408	6101	2235	1385	6699	6318	5186	8798	7274	4786	1863	8777	8584	6883	2609	4600	6031	6488	5850	1305	5072	3831	4483	3592	8208	690	2151	1195	5558	7960	8993	7634	4270	828	6104	3616	9886	6014	8364	7715	2789	7854	9355	895	7579	7223	3445	1355	3252	1443	2998	6419	3907	6453	2320	5945	9591	6451	488	3324	7240	3025	
5732	8147	602	3253	7015	7400	5780	142	4636	399	5443	3759	8671	6226	3257	6146	9598	8118	6100	6000	8920	8234	8497	2530	269	663	8308	577	9131	4989	5237	2434	2668	1853	7504	618	1415	4295	6274	2929	2489	5626	9796	3864	7835	7002	9334	5742	1004	2145	9568	1547	4011	5479	7856	7660	8445	4262	4273	6106	1226	9852	4907	3558	4373	7435	1153	9671	4065	7496	2753	7095	6284	4218	5684	8784	1364	8556	8612	2427	2928	3428	7136	463	9997	6059	3992	4588	891	6017	2310	9757	6995	8357	6152	8400	1428	2605	7223	7547	
5895	8143	5185	6835	827	9533	4164	9385	6634	6678	4367	4777	2423	51	6625	2722	5160	2455	5361	2748	5492	4926	5320	6622	4139	2168	1605	7369	8773	8899	3818	575	2240	3369	6331	8713	8942	8665	3774	9875	7136	6741	6484	7857	4988	9185	6763	7551	1863	4000	6918	7153	3411	2133	3684	5400	2482	8859	1712	7296	445	1284	8541	4379	8255	3794	783	793	430	4402	1258	5226	237	4128	2791	7078	8657	6930	1345	8981	1683	1152	8284	7188	7766	2887	2549	1399	4487	2591	3943	6309	6850	9247	7334	7303	4948	8975	4166	806	
3151	9067	1327	5067	8164	1692	9538	5941	7065	3208	2536	1833	7057	4025	9823	7666	6389	6195	1582	5561	7253	3079	9727	562	2621	9189	249	5071	5813	8417	132	2042	1787	8592	6028	4373	9411	7657	677	7	876	4815	4849	5097	9597	7485	3077	4026	973	2324	7168	5975	800	8529	3757	9624	1742	2985	3875	2450	5977	6396	7490	617	1617	6475	4216	5742	143	4525	52	2005	5934	7693	7828	8141	4292	9923	4934	5065	3209	8922	3477	2632	713	2459	5634	2451	6708	8681	3293	2422	9377	5238	1030	1571	3828	3289	4224	8604	
6130	9704	2093	3805	2660	6090	1537	5427	569	7981	4285	9419	9531	5152	9349	3354	1764	9116	2618	7827	730	8644	5651	6475	689	157	7547	287	387	9920	2242	747	3387	7665	8018	7793	7273	2383	9844	6205	404	8143	7819	5427	8360	4470	4185	3495	8018	247	5756	4183	2126	2542	6044	8186	2797	5589	7198	6262	4807	2267	2810	7168	110	3022	3265	9934	1817	506	7786	7012	3629	8536	8578	2201	5887	5339	9101	9178	7753	2402	8658	9638	4578	4850	1619	4143	4728	3754	7298	9732	5366	8720	4003	2399	3193	7122	6764	7759	
2735	5186	9120	9608	3641	865	2506	5726	2512	6355	2088	6039	7139	2988	6869	2691	9126	7308	1773	1090	7555	6343	4695	4370	8846	5984	7875	6851	7796	4634	8418	443	7785	8296	6245	6911	952	9433	3088	6045	268	4673	3305	1640	459	2060	1216	3853	5259	8729	7814	1234	3512	182	2438	4587	7316	7235	410	8290	3853	3879	9304	7461	3584	7292	8801	6586	3145	3001	7880	963	1020	8373	5312	4344	528	6424	8750	1131	6138	6545	3208	5245	1118	5993	4451	145	3962	940	3110	5301	5101	3478	6009	3968	6787	2244	702	6580	
7738	2259	6597	3480	4857	3258	3303	4181	3537	8221	8082	8466	4953	7072	8211	1311	921	645	1382	2202	6047	8770	9075	5826	3520	9968	2883	5319	417	1061	2469	4406	5169	4381	2275	4091	5696	3966	137	3458	4141	8801	2736	2540	5446	6893	819	7326	83	2029	2201	8561	2943	328	3387	3707	5156	1995	9421	8479	4170	710	2799	3916	2025	6912	5554	3415	7448	5298	9872	8369	7584	1439	3932	1424	100	6847	842	6555	2163	1624	2714	1633	1971	2321	8201	5718	8967	8661	7913	5146	9843	744	5769	8422	6832	8823	1651	4115	
654	4425	6359	4908	3920	8342	5004	5317	45	6	87	4203	2295	1260	8386	5071	831	1984	6680	9594	9287	2640	4890	5263	9679	4995	2447	2858	2797	5363	7326	4102	4098	5633	1185	4550	2729	1232	5045	1838	6726	3995	2136	6607	9595	6234	6515	6703	8539	5110	1531	595	4369	4134	8255	6412	1474	3329	9109	9271	6690	7440	315	8985	8375	3234	1963	539	3631	2411	993	233	4202	1967	3978	426	446	4349	4928	7271	9929	8770	9915	3598	8062	5982	6791	8945	3351	7907	260	6845	597	8478	9045	2880	6576	4275	3274	5086	
436	1978	7326	3410	7210	7122	2225	9075	4676	4914	2618	2153	5522	9056	1022	3442	6510	8560	1896	3509	4222	3404	9431	963	9767	8977	2755	5859	5985	7136	1679	2558	2996	1253	3495	7192	5186	6188	6440	1047	9537	9565	155	6533	5212	7143	2870	7848	4406	5389	6819	6378	1647	7820	205	9712	4424	5738	3385	1640	4681	3287	3395	2014	5749	8983	5490	4936	3634	8847	4178	8840	5606	8850	6220	3694	9687	8605	8224	9928	1608	5016	5908	3965	9868	3508	6343	6959	5241	958	1829	2506	7832	6242	3928	602	7940	9405	4061	2605	
20	1927	4204	9653	8201	5418	4458	7041	7466	2335	538	2555	5191	1650	8327	3551	5763	5548	1720	3562	2639	3122	4491	1324	5137	8834	3290	7126	2850	8246	4805	7721	8464	3218	6136	7557	3769	3734	1356	6659	1832	1031	6726	6302	1742	4771	6596	5953	6636	5600	2123	2938	1605	6593	9529	4801	7776	8510	7738	9157	523	4933	7078	9635	5284	1759	9762	3453	1046	8846	6658	5482	4998	4639	158	7755	1891	92	6824	852	9951	1611	1097	2062	7452	1462	773	8428	7861	4045	4256	1813	4627	2147	1068	2558	5432	1003	8199	1274	
4003	2535	7523	69	824	6944	3803	7829	2266	5962	9673	618	1134	6515	2481	7441	3953	4855	62	5843	7570	2721	6084	692	8989	4656	4139	1114	3337	9969	4543	9842	7335	8066	3621	392	4103	7666	762	5723	2279	7007	7799	1533	872	3943	485	2198	7766	6954	9787	9806	361	8215	3783	2919	8392	6565	1079	7596	251	8052	273	8251	2492	9810	2730	2042	8820	4623	6442	5688	8220	2104	6884	9675	5609	2100	2221	9967	2441	6294	1751	2379	8941	6764	1526	8231	7609	9334	9950	4263	5886	5527	6776	7078	4873	7424	819	8030	
8139	5491	1445	8189	3560	7680	3600	7208	6662	4133	2760	5456	3227	154	9867	9517	2899	9429	3421	8066	5330	6866	8163	7129	2282	9300	37	5255	8795	1599	8065	3001	2983	5559	8176	3403	7604	2527	154	2334	115	7621	7032	1919	1502	6084	5087	8066	6498	1586	6465	8136	2033	806	6344	5161	4487	1386	8654	8531	2542	1426	4695	9433	8130	4256	2361	8077	9190	7359	6805	4925	1331	7340	5482	2611	2249	4428	8540	8983	3495	6264	9152	6508	208	4448	7759	8949	3475	5798	2297	241	5782	9037	4433	1239	1601	175	7231	4793	
4453	3570	3418	6622	3955	5855	1565	925	2868	1821	7455	1631	1889	4904	7064	1101	9702	938	4395	4699	9290	1413	3239	1321	7552	8170	1717	5199	1867	4784	7215	4535	6235	5110	9186	554	7424	9600	6112	6280	3697	8284	8173	8345	6678	6997	7131	5662	1497	3211	1933	9266	2145	4334	3155	7770	1558	5349	7047	1544	9701	973	8378	3403	5899	167	9996	8216	4734	1010	4718	4299	8496	3963	4202	6112	4911	9386	358	8334	5642	2029	8354	3266	2887	9527	2323	1597	7263	5946	7047	4797	6564	94	5308	5791	9923	220	3125	6939	
521	4694	2701	718	322	7697	3291	491	1656	8706	2129	3073	8906	987	4621	1128	4208	7677	1719	1323	5047	3654	2637	6214	3509	6169	4965	4378	5766	4542	8874	2520	2811	2738	9817	8112	349	3358	6701	1794	6398	8174	2128	9218	6458	9030	1837	7455	6409	5727	3810	2500	9101	2443	988	2422	1075	3744	3171	6359	9162	5548	7218	2295	6161	8634	7270	6217	5792	2116	3839	1381	7911	6336	3017	2366	1375	6564	404	337	1867	9497	8540	3930	6307	3219	7081	8362	1530	8826	4226	8579	6648	6009	4243	1199	6579	6410	6727	4465	
101	6905	3334	9110	3671	9438	1445	6683	5235	9687	9329	8496	5650	5341	765	4963	4891	6224	3879	3984	3594	4609	7720	6163	3898	9711	4943	4277	1252	864	7291	926	2150	3641	8280	3379	6383	8856	2239	97	7863	8037	4238	4978	5047	2471	5835	5738	2482	6799	8822	1510	7028	6248	6	9960	7178	2902	2748	9182	824	7284	6662	3076	3612	3526	6257	3198	6661	90	9466	958	6222	8316	3035	8256	9422	8836	7457	4925	4930	9004	4742	3874	1882	8418	1173	3185	9498	3831	5991	1171	1757	3043	9466	9285	798	3393	1907	4406	
8376	8627	9124	6103	8818	7543	8652	7170	9229	5891	2778	1236	6465	8774	8076	9241	6990	1798	4514	5278	6761	4954	5512	3754	2314	2670	2595	6847	2865	7300	1349	1158	8462	1466	5256	1046	5216	2172	4723	8563	7833	5347	7649	9453	2838	6896	1403	3786	2505	5858	3437	220	2159	1147	6350	7272	5125	7374	4201	4594	8818	9745	1895	7264	7389	9828	6891	5262	6944	2227	8486	2963	4815	3359	7677	1357	125	1990	5891	6585	1367	3482	3189	4390	8207	1890	3657	9430	3414	2327	5498	9945	3657	2230	4661	4083	2397	9606	5829	6680	
9678	6020	3680	690	8167	6428	4963	3204	1952	9801	1794	5659	9169	5829	2106	8617	7492	5469	4720	9514	7277	4878	6548	559	6747	6178	1095	5580	7260	9423	7040	1709	125	6251	9981	7958	4544	6879	818	1338	3272	2099	8891	587	5210	8631	4614	7144	2022	4052	2128	2143	7930	339	8977	1565	4558	2829	4154	2188	7588	8624	2546	8370	6282	185	6790	6280	4091	6731	32	7721	7942	1394	310	6543	192	1412	5571	6347	6041	2203	4714	1066	1610	7242	3991	4595	1043	7061	929	7985	3512	4079	2211	5756	7808	1039	7566	219	
2175	3658	691	6500	8389	5810	4468	8185	3293	5540	1463	1738	9509	9094	1677	6969	3789	7471	1404	5171	4321	234	448	2400	4362	2922	2935	4196	9950	8306	2180	9552	5526	8243	1250	1602	5430	8424	9058	2163	5745	9221	2992	9224	5565	2145	5183	5742	744	329	4335	3721	8347	1109	229	3175	3830	3126	7164	3793	6872	1709	7590	1731	2773	2772	9478	1662	7790	6324	1721	9443	80	1568	4275	6177	857	4902	8709	520	8008	6000	255	1976	3466	2948	330	3695	8906	754	8877	9238	9832	7081	8813	4008	7868	309	7759	7310	
3824	3427	2146	3892	1064	1	6416	665	3258	2665	1838	2618	9950	6312	294	6113	4009	1064	1664	9778	6701	5320	1002	6459	4333	6955	4314	789	7094	6326	5554	6560	1506	6555	5079	4566	2911	5671	8575	5781	6922	1742	4253	6233	5192	6048	6676	8622	7649	6965	1715	9263	3929	6025	111	988	3858	1879	1516	6777	4959	4985	2029	4251	8293	6953	4963	5342	6030	9261	7063	3988	7915	4144	5226	4490	4479	8372	1314	7647	5765	5213	3109	8852	8493	2155	9972	8869	5401	6058	6098	108	8303	6692	7221	3486	219	7092	1644	3231	
9663	3472	5552	4515	5723	5657	5470	6589	6400	7744	2366	3801	4070	389	1493	7641	5836	1318	4765	4057	6481	8017	8763	9684	4231	1873	1683	9044	4473	7211	4685	1132	1500	9177	2414	6268	9002	3919	9461	6094	3272	6648	9489	8041	7684	683	1202	3496	1826	6931	6278	5168	3433	6856	7944	2140	4410	4289	4416	9426	6869	8443	1746	5901	9475	7459	6570	4371	574	6335	6080	6392	7874	4492	9269	3447	8559	5029	1739	2619	2721	5901	7431	2489	6957	6238	4343	5689	7274	7618	3145	6147	7262	9291	3629	5245	6171	3033	8004	8058	
5792	8679	1177	5501	6046	2907	2341	5957	3587	127	188	2366	6344	2824	9141	1750	4678	4709	8284	6189	1654	1551	6684	4248	2075	8160	1525	7012	9144	1941	2976	470	3048	6636	9136	9703	4461	5085	6234	6367	710	2183	4636	629	5748	3481	7729	1432	9204	1952	1375	1900	4810	1629	7352	4859	971	5669	1745	417	2057	4515	624	3781	3630	182	206	2541	4777	9938	8562	4428	1777	7926	90	1557	2735	2643	1942	1627	3966	1399	1202	1978	6528	7255	6581	1087	2927	9293	8680	113	910	6915	38	7158	9730	4355	9084	6574	
4314	542	1387	275	2315	658	8855	6589	2330	3273	9429	5187	4194	7473	7965	4932	3024	2602	8475	8286	8089	4664	5893	4855	7968	7328	2371	8838	7157	3121	952	243	777	9061	7585	9378	5138	8416	6704	4443	9747	8059	7036	6930	5354	8222	8663	3012	4303	1546	9016	2055	1401	9782	3113	698	3528	8138	9627	2668	3813	5227	8616	5886	52	6098	1760	9868	4977	7101	4460	3586	7879	7233	1198	522	205	1395	9306	1274	4567	3704	3731	8758	9046	7885	3490	7249	289	3539	702	3233	8729	8548	2176	2601	5890	6206	8402	747	
9925	4540	7417	6544	6279	9642	6989	8136	190	7037	9819	3438	3640	449	4011	5388	9391	5929	1830	8766	5137	8528	2557	7137	2481	4536	8196	6314	3253	7891	6920	1638	2197	4802	2886	9515	5251	2709	8440	8688	7462	1206	4593	7937	2943	9633	5621	85	9440	4815	6966	9014	4163	603	3556	7333	1147	4157	2743	1394	5807	7847	1074	6755	4032	633	5907	5507	6838	7209	2605	1214	3530	7187	6221	7407	4308	7135	4742	9717	8920	1319	1143	6229	1871	1082	7002	5700	971	2175	7872	6859	9706	8272	9272	1682	993	4920	821	4589	
9010	6655	7098	6320	9534	7287	5622	9532	8591	2792	6921	5179	4292	740	1167	8765	7197	6375	7594	1849	3230	6752	3368	5984	9316	8669	3665	7922	2344	6333	1032	1524	9654	1784	6310	7510	8139	2577	9830	5843	300	4655	8323	9135	8576	7843	4640	8991	9920	1837	3304	5753	7890	8134	7579	2022	2022	1263	8796	4790	6978	9291	6268	6827	9054	8934	7037	5582	8221	7420	1331	8997	8791	4446	6882	689	8627	1316	9008	6641	436	8257	3366	8240	3815	6039	2990	526	3811	5655	1707	2485	5654	9941	9209	9899	3723	5451	6257	8765	
430	8384	7135	8282	8278	7626	8006	5434	4106	3231	402	1049	4219	5203	2309	4212	6175	864	4223	7676	1040	8192	9805	5312	8723	128	6145	9357	3759	8337	6221	6893	365	2853	5152	1758	3901	9472	7241	6484	5457	8926	4585	7024	4917	5465	5954	1700	5103	8723	6667	7830	5252	2050	448	8586	8488	7197	3632	230	7784	6174	8691	2875	8615	5622	5912	449	8044	134	5104	3475	2346	9144	828	2449	1121	6475	3653	5135	9647	1790	4931	1245	3382	7613	9240	4640	5996	4060	3379	1284	314	479	5067	1635	1555	1955	8854	5603	
6842	5781	5691	814	4175	9297	5447	398	8164	9317	1301	5095	9761	3273	7138	8392	8231	8689	935	3426	1821	2982	4446	8282	5368	5983	3810	1389	3303	7352	6915	8118	2913	4154	9582	555	8867	6942	8910	7187	585	1407	6524	2854	414	5360	3147	7987	7102	3119	3753	8086	9992	6047	6568	7112	7519	8567	7323	814	9401	5065	3608	3179	7485	2840	6091	8565	5157	5605	3948	915	8302	4500	9840	9358	5211	9284	1410	7326	6014	7295	7547	5400	1111	4562	9711	1026	2984	583	1252	6113	9341	6465	3026	632	4746	59	1569	9608	
8611	9959	6839	1750	8389	6973	2003	4222	2125	3848	6485	7443	3726	92	2236	761	2789	8478	9865	5432	6808	8794	8588	6075	8209	1487	4325	7986	4168	2356	7707	6074	8954	812	5056	128	7097	4177	1089	2904	6063	1557	9323	6981	2387	5343	8179	8692	1174	1270	8010	9714	1577	3503	4359	7693	282	4553	3216	9140	8842	8274	2823	9340	2136	1033	2573	707	9455	2983	703	148	1839	9294	8602	8971	3278	6085	7414	8830	1955	1970	5450	559	904	2144	6597	2616	6689	7602	5023	8245	9518	8765	4822	6033	4826	8131	6946	6279	
7242	6366	2832	8242	718	864	3383	600	9258	7547	4644	5695	5607	779	3708	9454	5543	7787	8770	7562	5128	6305	5166	6599	8440	9373	2288	996	2014	6974	7734	4622	6297	1301	9324	1474	7049	3550	4102	1472	1770	948	7167	5890	9287	4810	152	8036	1524	4859	8036	4240	765	6978	2430	1369	4066	6548	623	1264	8605	6053	2363	5571	2170	8007	7580	994	1832	2285	9593	4645	1404	9792	1180	6537	3807	1950	9144	732	6854	1354	6044	4128	44	290	9710	5517	9846	5807	5638	2820	6472	2039	7905	4862	3741	2986	5713	3049	
7130	2572	2394	6890	1244	413	4934	8490	3823	1840	3492	9437	5265	4434	7693	5576	5948	9303	1571	9553	6522	4217	505	7471	4098	7299	9804	569	6249	3782	3042	8898	2274	8843	3946	5925	3337	155	6099	1068	494	3867	611	875	2767	2298	4310	4349	4752	3068	3747	5604	5979	5890	156	3844	4413	5487	2823	8006	6703	3068	1184	7435	6943	6574	2094	5617	6376	2562	2152	7229	5811	1238	428	9931	1834	8640	9959	5315	4842	2211	8291	8281	4471	2052	2817	1614	8331	2168	1547	6952	4323	2070	1579	8929	3583	7431	4589	1148	
6538	3290	6731	5432	2963	1674	2135	4888	8288	6069	7938	8995	7443	2647	3485	507	2587	6169	569	2744	2489	4480	6730	8629	2890	5699	2895	9392	4772	9886	9784	4922	500	3250	3625	6636	2645	8626	9190	7835	808	8884	2224	4086	1705	2789	6516	1365	8623	2401	8083	2325	2630	643	4141	5991	4684	9008	9765	4151	2435	6209	9057	3767	2319	9487	1868	4212	4069	4367	4661	4375	7963	9486	2132	3872	8184	4354	9399	9203	2378	6756	3184	7899	3825	4981	1597	8313	5852	9761	3743	5831	4686	5058	4574	6058	6042	9277	4152	1947	
3625	5761	5500	2018	5890	6932	183	152	8296	1398	1885	7929	1079	8079	8935	523	628	2648	1125	7656	178	8527	2151	6361	4623	2406	889	8472	8303	9720	4279	7701	9911	8383	9362	4237	9278	3187	2674	6619	5207	5350	4084	4513	6045	9115	8868	7765	5166	3977	6620	6515	3538	5161	4604	1754	5763	2419	1334	4047	5483	5726	8481	5390	3589	5435	7697	3248	7379	151	8832	7080	7280	6381	9321	331	5854	3843	7325	3649	7469	6712	9195	9896	935	5153	4409	7994	4186	3403	9090	9	6584	3828	6547	2649	9090	3953	6202	6548	
6534	8854	8153	2896	1895	6039	362	4606	6623	8776	4975	2057	2697	6588	6524	5279	6939	4681	2270	4539	5565	3964	9252	266	9217	1542	2535	1660	2573	4972	6927	3386	4523	823	1107	5841	9685	3452	6828	3210	8300	2557	7270	5182	9030	5419	7633	5381	8746	2711	7868	7399	7455	7471	4495	5251	6077	4989	1730	127	2528	7530	314	467	7214	1941	916	7762	9447	7079	1630	4751	6206	7220	8059	3185	1331	2405	4204	1690	8308	7981	9269	8091	5766	7309	9272	8666	1788	399	5415	1138	699	7820	9048	7635	1897	8777	2254	2304	
446	2861	7589	5082	7136	3890	563	359	9795	4937	2498	1676	2538	2082	492	7073	492	8415	5086	2417	1106	6246	2965	8348	3111	4925	5755	5608	4167	8430	6209	9964	5908	2668	7475	1671	2020	3007	8424	1249	4582	1362	2564	8233	2406	7148	3853	3174	686	8287	8386	4563	8003	8452	3592	3712	2298	6092	3635	5356	8003	4453	6743	7296	7522	9432	3871	6319	4002	8563	6228	1192	6375	4636	423	5839	8520	937	8254	3	6315	6012	2760	3788	9513	6088	6496	3387	5929	8510	5133	8362	2188	1646	5625	2276	9444	7031	71	6918	
2660	7291	8830	5955	6944	7266	873	6982	171	6241	7739	5	5118	2405	704	2306	3724	8678	4629	9198	9851	5837	5895	2331	7472	4344	2524	6172	9519	7286	4426	1544	1844	8771	5935	8354	9554	8980	5077	3884	8018	2078	6650	898	5514	9161	9152	7341	3665	7914	5309	6460	7825	810	3267	5343	7964	1315	8944	4096	3680	9320	7123	8622	3030	1283	7999	187	1801	6166	7976	4440	1199	907	8698	9739	7123	6923	8652	2450	4598	8100	940	9158	935	7556	4205	2969	7176	3899	9503	8881	9949	797	3604	275	5124	5658	5200	3525	
7068	1350	1831	9964	5383	9234	5313	9199	583	956	7294	8747	8298	4866	5862	7925	2843	4931	8611	3362	2448	4232	3364	5256	7013	1350	4470	2390	518	7368	9409	1671	385	527	2227	8530	1712	3311	5611	7082	314	1801	1456	1394	8100	4723	9441	106	7269	7275	1906	7817	3508	9353	820	9404	1655	6852	3426	496	7602	7201	8202	9600	1168	6654	7496	8748	1750	1615	7216	8160	6491	9720	3338	3963	2749	5250	8130	7607	8634	519	6842	4266	5555	2792	4153	4333	5586	9324	5507	1281	8688	3786	7124	1722	2985	6803	1817	4589	
1002	7032	6854	3199	5604	5107	6987	3464	9982	190	3226	5521	1356	8799	3129	2577	9992	8213	6453	8779	5707	3814	6009	1875	9915	7776	872	4408	6702	3717	1491	1397	1922	1384	6930	3257	7583	2906	9809	9946	173	1980	4814	4909	6025	7691	4963	2059	8223	9073	7955	9932	7749	7329	8718	494	7272	3020	3197	3307	1689	1237	8725	739	1110	205	2546	5178	255	6985	295	7680	2571	3651	8414	9226	7625	5963	8126	1024	5872	6640	468	5225	2778	2596	9608	8268	5158	6866	8591	2925	170	6588	6373	843	6365	1883	7152	8534	
4287	4610	5297	5162	5153	8207	7706	3047	5511	2999	9085	2485	7313	8275	639	1701	8589	6902	519	7320	4007	2805	6530	2006	1683	742	8784	6084	4615	4035	689	6261	5588	4017	6441	1694	4391	2149	4807	95	7249	400	6858	2013	345	1565	834	8816	4949	2538	9857	4371	1780	9237	1749	8007	3737	9995	7863	689	9492	6731	5119	1230	3160	5653	1094	1913	9250	9425	3765	2434	7183	2083	9009	2910	8361	2060	3541	4716	4687	2776	7523	9771	5205	2863	71	4914	2873	1893	2462	4480	1359	602	5101	5695	6887	5037	6273	4511	
8837	4104	2681	1659	7902	4930	7245	14	4032	7596	554	7175	279	7162	1989	6690	5145	8710	7	6171	7671	5835	4074	2239	1391	4155	7639	4870	6007	3540	9462	62	7963	3795	3096	5660	325	5649	7411	9246	7608	2245	1231	9537	5634	6132	9714	1950	3130	5100	9265	9811	9289	6609	2271	7390	9000	2510	6915	6404	4363	1801	1364	61	8080	6501	3312	2920	911	2803	9907	5408	2051	547	7553	3717	5142	9264	4503	7832	9156	3933	9484	916	9998	5478	2498	9140	75	5306	3628	6472	4242	944	2162	2510	6302	4742	9756	6107	
